0
50855936
51118080
51380224
51642368
51904512
52166656
52428800
52690944
52953088
53215232
53477376
53739520
54001664
54263808
54525952
54788096
55050240
55312384
55574528
55836672
56098816
56360960
56623104
56885248
57147392
57409536
57671680
57933824
58195968
58458112
58720256
58982400
59244544
59506688
59768832
60030976
60293120
60555264
60817408
61079552
61341696
61603840
61865984
62128128
62390272
62652416
62914560
63176704
63438848
63700992
63963136
64225280
64487424
64749568
65011712
65273856
65536000
65798144
66060288
66322432
66584576
66846720
67108864
67371008
67633152
67895296
68157440
68419584
68681728
68943872
69206016
69468160
69730304
69992448
70254592
70516736
70778880
71041024
71303168
71565312
71827456
72089600
72351744
72613888
72876032
73138176
73400320
73662464
73924608
74186752
74448896
74711040
74973184
