248956422
242193529
198295559
190214555
181538259
170805979
159345973
145138636
138394717
133797422
135086622
133275309
114364328
107043718
101991189
90338345
83257441
80373285
58617616
64444167
46709983
50818468
156040895
57227415
16569
209709
201709
191469
182896
185591
92689
164239
137718
176608
161147
179198
161802
155397
179693
211173
15008
196940
415308
101037
467143
541038
200998
191409
48370
209722
320750
140877
1046838
460100
690932
330031
370917
305979
230434
330164
154723
64689
242796
166200
305244
101150
315610
451168
156998
265876
245716
142129
305542
122022
279644
181958
268330
105527
277797
407387
35455
108875
365499
208149
373699
411654
165718
179932
14347
85284
420164
86533
148762
480415
468267
281919
206320
481245
356766
264545
211377
230843
165120
93070
405389
673059
44955
589656
6367528
1927115
186494
179254
309802
181496
188315
185507
154407
203552
186169
67707
181167
204059
177092
296895
210133
106711
214625
301637
218612
167313
120804
169178
109323
408271
138655
572349
152874
238139
184319
40090
76061
119498
56134
174808
154139
306913
180306
191684
169134
37287
103832
168146
123480
322166
180703
1351393
1511111
171798
478999
327382
296527
196384
388773
263054
244917
5161414
430880
2365364
2659700
192462
89672
232857
169136
63982
267463
59016
78609
134193
325800
246895
116753
375691
196688
133151
1821992
178921
137721
391357
223995
1423190
276292
157099
90219
278131
70345
88070
2877074
235827
108763
163186
289831
104552
167950
164789
198278
159547
167999
111737
205101
174061
157710
99845
163926
223118
166713
178197
161095
171263
190932
123111
170701
170206
168131
241058
293522
100553
198005
282224
187935
189352
186203
200773
170148
215732
170537
248807
170399
157053
171027
204239
209512
155532
156965
159285
145691
170698
184499
177381
170680
205194
170665
184516
987716
729520
1064304
1091841
1066390
1002683
987100
796479
385657
155864
170222
43156
188024
233762
52969
1066800
61734
109528
354444
182439
425601
256271
110268
165834
141019
366580
911658
349938
185285
50258
278659
212205
551020
166136
140355
162212
128386
118774
183433
58661
63917
201197
74653
116689
82692
143900
166743
162811
96924
259914
263666
101331
186262
304135
74013
176103
156562
153027
155930
174749
145162
120616
161578
143390
133041
123821
136240
161218
214158
96131
70887
174166
110099
223625
110395
138019
535088
181658
140361
173151
180671
205312
173649
162429
109187
248252
162896
175849
224108
166540
113034
163458
195063
197351
164041
164170
197752
165607
302885
184404
205407
420675
164536
220246
376187
111943
586476
119912
90922
244096
158965
205944
378547
555799
163749
236512
82728
1144418
173459
226852
1612928
131892
195710
101241
130957
179043
172708
126136
164558
139087
362221
135987
82315
124736
185823
197536
271782
152148
175808
870480
75005
76752
4672374
4795265
4604811
4677643
4827813
4606388
4929269
157952
158166
119183
209988
190869
209586
1111570
126434
172555
680662
271455
292436
141812
374415
282736
132244
300230
305841
145606
158983
318687
133535
136959
36640
229282
103072
985506
624492
162988
71551
171286
60032
439082
163882
134099
284869
144206
274009
188004
2274
1942
2165
1472
1201
12399
998
2276
1444
37690
4416
21476
1040
1652
2699
1368
1048
1026
1121
1428
1428
3530
1803
2855
8320
2805
1650
1451
2656
2378
1136
1048
1045
1930
4215
1750
1658
990
1788
1537
1216
1298
2387
1484
971
1308
970
1143
1880
2646
1179
2489
2043
2145
1029
2321
1445
981
2140
1884
1361
92983
112505
392061
7992
1774
1233
3920
4055
5353
1951
2318
2415
8127
22689
6361
1300
3253
2186
138126
7642
5674
2983
1899
2168
91309
993
1202
1599
31033
1553
7046
6504
1400
4513
2969
6158
44474
4685
5796
3041
175055
32032
127682
66860
40176
42210
176043
40745
41717
161471
153799
40062
38054
176845
39050
100316
194050
38115
39555
172810
43739
448248
1872759
280839
112551
150754
41543
179772
165050
42811
181920
103838
99375
73985
37240
157432
186739
210658
168472
41891
66486
198735
93321
158759
148850
150742
27745
62944
40191
36723
79590
71251
