0
249036800
491257856
689700864
880017408
1061683200
1232601088
1391984640
1537212416
1675624448
1809580032
1944846336
2078277632
2192834560
2300051456
2402287616
2492727296
2576089088
2656567296
2715287552
2779774976
2826698752
2877554688
3033792512
3091202048
3091464192
3091726336
3091988480
3092250624
3092512768
3092774912
3093037056
3093299200
3093561344
3093823488
3094085632
3094347776
3094609920
3094872064
3095134208
3095396352
3095658496
3095920640
3096444928
3096707072
3097231360
3098017792
3098279936
3098542080
3098804224
3099066368
3099590656
3099852800
3100901376
3101425664
3102212096
3102736384
3103260672
3103784960
3104047104
3104571392
3104833536
3105095680
3105357824
3105619968
3106144256
3106406400
3106930688
3107454976
3107717120
3108241408
3108503552
3108765696
3109289984
3109552128
3110076416
3110338560
3110862848
3111124992
3111649280
3112173568
3112435712
3112697856
3113222144
3113484288
3114008576
3114532864
3114795008
3115057152
3115319296
3115581440
3116105728
3116367872
3116630016
3117154304
3117678592
3118202880
3118465024
3118989312
3119513600
3120037888
3120300032
3120562176
3120824320
3121086464
3121610752
3122397184
3122659328
3123445760
3129999360
3132096512
3132358656
3132620800
3133145088
3133407232
3133669376
3133931520
3134193664
3134455808
3134717952
3134980096
3135242240
3135504384
3135766528
3136290816
3136552960
3136815104
3137077248
3137601536
3137863680
3138125824
3138387968
3138650112
3138912256
3139436544
3139698688
3140485120
3140747264
3141009408
3141271552
3141533696
3141795840
3142057984
3142320128
3142582272
3142844416
3143368704
3143630848
3143892992
3144155136
3144417280
3144679424
3144941568
3145203712
3145728000
3145990144
3147563008
3149135872
3149398016
3149922304
3150446592
3150970880
3151233024
3151757312
3152281600
3152543744
3157786624
3158310912
3160932352
3163815936
3164078080
3164340224
3164602368
3164864512
3165126656
3165650944
3165913088
3166175232
3166437376
3166961664
3167223808
3167485952
3168010240
3168272384
3168534528
3170369536
3170631680
3170893824
3171418112
3171680256
3173253120
3173777408
3174039552
3174301696
3174825984
3175088128
3175350272
3178233856
3178496000
3178758144
3179020288
3179544576
3179806720
3180068864
3180331008
3180593152
3180855296
3181117440
3181379584
3181641728
3181903872
3182166016
3182428160
3182690304
3182952448
3183214592
3183476736
3183738880
3184001024
3184263168
3184525312
3184787456
3185049600
3185311744
3185573888
3186098176
3186360320
3186622464
3187146752
3187408896
3187671040
3187933184
3188195328
3188457472
3188719616
3188981760
3189243904
3189506048
3189768192
3190030336
3190292480
3190554624
3190816768
3191078912
3191341056
3191603200
3191865344
3192127488
3192389632
3192651776
3192913920
3193176064
3193438208
3194486784
3195273216
3196583936
3197894656
3199205376
3200253952
3201302528
3202351104
3202875392
3203137536
3203399680
3203661824
3203923968
3204186112
3204448256
3205758976
3206021120
3206283264
3206807552
3207069696
3207593984
3207856128
3208118272
3208380416
3208642560
3209166848
3210215424
3210739712
3211001856
3211264000
3211788288
3212050432
3212836864
3213099008
3213361152
3213623296
3213885440
3214147584
3214409728
3214671872
3214934016
3215196160
3215458304
3215720448
3215982592
3216244736
3216506880
3216769024
3217031168
3217293312
3217817600
3218079744
3218341888
3218866176
3219128320
3219390464
3219652608
3219914752
3220176896
3220439040
3220701184
3220963328
3221225472
3221487616
3221749760
3222011904
3222274048
3222536192
3222798336
3223060480
3223322624
3223584768
3223846912
3224109056
3224371200
3224633344
3225419776
3225681920
3225944064
3226206208
3226468352
3226730496
3226992640
3227254784
3227516928
3227779072
3228041216
3228303360
3228565504
3228827648
3229089792
3229351936
3229614080
3229876224
3230138368
3230400512
3230662656
3230924800
3231449088
3231711232
3231973376
3232497664
3232759808
3233021952
3233546240
3233808384
3234594816
3234856960
3235119104
3235381248
3235643392
3235905536
3236429824
3237216256
3237478400
3237740544
3238002688
3239313408
3239575552
3239837696
3241672704
3241934848
3242196992
3242459136
3242721280
3242983424
3243245568
3243507712
3243769856
3244032000
3244556288
3244818432
3245080576
3245342720
3245604864
3245867008
3246391296
3246653440
3246915584
3247964160
3248226304
3248488448
3253207040
3258187776
3262906368
3267624960
3272605696
3277324288
3282305024
3282567168
3282829312
3283091456
3283353600
3283615744
3283877888
3285188608
3285450752
3285712896
3286499328
3287023616
3287547904
3287810048
3288334336
3288858624
3289120768
3289645056
3290169344
3290431488
3290693632
3291217920
3291480064
3291742208
3292004352
3292266496
3292528640
3293577216
3294363648
3294625792
3294887936
3295150080
3295412224
3295936512
3296198656
3296460800
3296985088
3297247232
3297771520
3298033664
3298295808
3298557952
3298820096
3299082240
3299344384
3299606528
3299868672
3300130816
3300392960
3300655104
3300917248
3301179392
3301441536
3301703680
3301965824
3302227968
3302490112
3302752256
3303014400
3303276544
3303538688
3303800832
3304062976
3304325120
3304587264
3304849408
3305111552
3305373696
3305635840
3305897984
3306160128
3306422272
3306684416
3306946560
3307208704
3307470848
3307732992
3307995136
3308257280
3308519424
3308781568
3309043712
3309305856
3309568000
3309830144
3310092288
3310354432
3310616576
3310878720
3311140864
3311403008
3311665152
3311927296
3312189440
3312451584
3312713728
3312975872
3313238016
3313500160
3313762304
3314024448
3314286592
3314548736
3315073024
3315335168
3315597312
3315859456
3316121600
3316383744
3316645888
3316908032
3317170176
3317432320
3317694464
3317956608
3318218752
3318480896
3318743040
3319005184
3319267328
3319529472
3319791616
3320053760
3320315904
3320578048
3320840192
3321102336
3321364480
3321626624
3321888768
3322150912
3322413056
3322675200
3322937344
3323199488
3323461632
3323723776
3323985920
3324248064
3324510208
3324772352
3325034496
3325296640
3325558784
3325820928
3326083072
3326345216
3326607360
3326869504
3327131648
3327393792
3327655936
3327918080
3328180224
3328442368
3328704512
3328966656
3329228800
3329490944
3329753088
3330015232
3330277376
3330801664
3332898816
3333423104
3333685248
3333947392
3334209536
3334471680
3334733824
3334995968
3335258112
3335520256
3335782400
3336044544
3336306688
3336568832
3336830976
3337093120
3337355264
3337617408
3337879552
3338141696
3338403840
3338665984
3338928128
3339190272
3339452416
3339714560
3339976704
3340238848
3340500992
3340763136
